Final set of parameters            Asymptotic Standard Error
=======================            ==========================
a0              = 1.00408e-08      +/- 2.981e-10    (2.969%)
a1              = 7.52904e-06      +/- 3.043e-05    (404.2%)
a2              = -0.470629        +/- 0.6455       (137.2%)

